2.550000000000000000e+04
3.390000000000000000e+04
3.324000000000000000e+04
4.152000000000000000e+04
6.600000000000000000e+03
1.170000000000000000e+04
2.586000000000000000e+04
2.448000000000000000e+04
3.120000000000000000e+04
2.112000000000000000e+04
2.034000000000000000e+04
1.812000000000000000e+04
2.418000000000000000e+04
3.090000000000000000e+04
1.746000000000000000e+04
3.666000000000000000e+04
2.136000000000000000e+04
2.772000000000000000e+04
4.254000000000000000e+04
4.038000000000000000e+04
2.238000000000000000e+04
1.332000000000000000e+04
2.550000000000000000e+04
2.424000000000000000e+04
2.466000000000000000e+04
1.728000000000000000e+04
3.918000000000000000e+04
2.256000000000000000e+04
3.900000000000000000e+03
2.214000000000000000e+04
4.068000000000000000e+04
7.680000000000000000e+03
2.406000000000000000e+04
1.062000000000000000e+04
3.174000000000000000e+04
9.780000000000000000e+03
2.094000000000000000e+04
2.658000000000000000e+04
2.742000000000000000e+04
1.212000000000000000e+04
2.316000000000000000e+04
2.886000000000000000e+04
2.910000000000000000e+04
3.522000000000000000e+04
2.400000000000000000e+04
4.548000000000000000e+04
3.252000000000000000e+04
3.762000000000000000e+04
4.872000000000000000e+04
