2.698514909114066285e+01
4.323517363825257753e+00
9.126141755794058952e+00
1.247851005678610736e+00
4.946018783176807432e+00
2.448999591670068199e+00
5.812611332897091643e+00
3.797084500895632875e+00
4.000032666394447212e+00
7.697395678847170075e-02
6.337060362248839063e+00
1.345295186130924803e+00
5.625439711342351545e-01
1.537801507574607873e+00
5.284659527703715609e-01
1.154446233478127359e+00
2.066522172061211471e+00
2.642792944089447538e+00
3.459179245139526682e+00
3.936921736633703262e+00
4.931544358228499192e+01
3.169898501352077957e+00
2.873101418385558548e-01
2.164101969677629356e+00
3.938785246865207146e+00
7.813200401093491065e-02
1.438418300710875064e+00
1.585418936727548411e+00
4.249668726537644403e+01
2.583594437609540861e+01
3.361574601364160308e+00
1.490068072706888458e+00
7.196602416986079831e-01
7.827423504823673162e-02
5.517563754450097946e+01
3.553450387913433595e+00
2.545395167180706242e+00
4.851047865108401247e+00
1.776414202308267631e+00
4.302004776675621422e-01
7.811702986762429635e-02
9.143190374555634214e-01
1.966704267419887353e+00
1.058407117269142050e+00
5.768884713038169298e-01
6.719012023612431772e-01
7.332599541245825492e+01
2.828434403773660577e+01
3.410217153720082717e+00
2.929195590036750119e+00
1.246269843093108731e+00
7.674464955444636194e-02
6.535467537770519186e+01
3.218396686612335689e+00
1.022326445547106459e+02
3.169333069487838550e-01
1.344054871698250331e+00
7.653997180517217724e-02
2.548553013713852344e+00
1.057830860374713744e+00
3.506138379421203322e+00
7.575905672123189882e-02
6.675608315290373795e+00
8.221284531493383563e-01
1.927152812228650758e-01
2.210608222090291619e+00
7.659798044186573451e-02
5.739954453797582179e-01
8.643527970600244359e-01
8.175772533884791970e-01
7.649859620324059306e-02
4.321763985300131061e-01
9.588651805420158603e-01
1.105609112951682516e+00
9.123723968966933606e-01
5.955588696455153652e+00
4.226844371683116997e+00
1.392714945090312462e+00
2.270527375351402810e+00
1.967753930361637593e+00
2.609663876622484224e+01
3.313352388730094411e+00
2.247160463513955542e-01
1.536103194039073028e+00
9.116422197341016442e-01
4.516082137307051880e+00
6.834461706844510331e+01
7.332691691102330367e+01
9.771988566761919959e-01
1.103434520572054600e+00
7.543879134340546955e+01
7.609912941038783629e-02
3.851447591245669155e-01
6.098489179256837645e+00
9.326318640492900491e-02
1.104450796243365396e+00
3.841567986933441814e-01
7.800169554551211748e-02
3.554847228067294029e+00
5.261162723198468116e-01
3.215545313069726241e+00
7.557065261706702453e-02
1.298128663468322008e+00
8.115644799884721650e+00
1.439726792227882468e+00
7.662619720665315992e-02
1.939444164134420112e-01
5.762351980400164386e+00
6.242547978766833650e-01
1.906378113515718731e+00
2.412563158916564143e-01
7.946632461117951463e-02
3.265965206488281147e+00
2.414415024509307950e-01
7.078096212430949663e+01
7.395438321645890767e+00
4.800360515788519855e+00
7.220620544494504855e-01
5.906410779910166298e+01
2.160118652011143947e+00
3.823411774216710635e-01
1.104273624665500497e+00
1.972466470347499223e-01
2.591900074471755744e+00
1.153380512163823424e+00
1.972755435028280768e+00
8.061544226143632641e-02
1.118856676194364574e+01
8.627143473662145512e-01
9.603919967333603980e-01
4.801959983666784226e-01
5.331519085137743197e+00
1.621536947009553919e-02
2.113681617660300827e+00
3.354912645056501996e-01
4.707381261763648794e+00
1.918384680590561331e+00
4.465559159859391336e+00
1.489370935575621946e+00
1.776461569005983510e+00
1.536262121620748156e+00
1.289894845412254831e+01
5.611707280142563814e-01
1.157306644755935893e-01
2.112862392813393164e+00
1.007533338377226695e+00
7.641729489423777777e-02
2.115102145473649387e+00
3.746728776936084415e+00
9.132986548173849251e-01
5.758578127789715229e-01
2.690865647752840317e+00
1.583883453971129729e+00
8.159798768303698768e-01
3.362011068480895037e+00
6.378923642302981278e+01
2.689097590853407382e+00
2.393516084791208476e-01
4.564043042779134751e+00
1.216054192576018878e+00
1.095063575787146348e+01
6.716406418619389473e-01
3.317304230454987124e+00
2.463975076986207602e-01
3.843434205557465067e+00
1.391168731295354455e+00
4.659100840594877724e+00
1.514889799816730331e+00
7.496755983553157754e-02
5.524936755523121690e+00
1.392568395263368064e+00
7.364010821983538735e-01
7.707446976100799929e-02
9.315802368313599757e+00
1.344587400807276900e+01
1.678787320412415296e+00
9.798238191866650126e+00
2.881175990200081305e+00
1.029143993454020389e+01
9.105230740446731419e-01
7.715439502467415223e-02
1.222998139509589954e+01
8.168133932217232029e+01
7.629899407897755559e-02
1.918147743959379981e-01
1.662677810786795884e+00
8.631531406219455915e-01
2.930035279578996565e+00
1.377725112942153052e-01
2.069795178064021357e+01
2.881890643245300421e+00
2.736735404182956799e+00
1.200489995916699693e+00
2.353032859234408747e+00
2.641093988662438274e+00
2.354204448161857588e+00
7.691932425320355815e-01
3.313974551188993978e+00
3.165018724238953141e+00
2.402846210457426412e+00
1.106426717105812640e+00
8.073070144286975669e-02
2.204251203315117280e+01
7.978902448499321232e-02
1.730058529299332903e+00
4.753371110287425871e+00
1.104450796243363619e+00
4.696412163998207490e+01
5.872797060024501192e+00
6.666757418412762037e-01
1.390183748468762026e+00
2.641077991016743898e+00
1.186024137308402437e+01
1.598932708917237022e+01
7.351822377154381627e+01
2.929272470793122807e+00
6.242547978766851413e-01
4.801959983666801990e-01
8.297794319832227927e-01
2.066728992145510535e+00
1.529059636059882932e-01
2.543955293787826921e+00
7.674464955444636194e-02
1.969583836334766636e+00
5.479100934798925238e+01
2.871296385887853742e-01
1.026659044507962335e+02
1.969121695469784772e+00
5.618226005726778993e+01
1.153091184307968531e+00
4.801959983666820309e-01
1.631648516985815256e+00
3.216723917159715729e+00
1.440587995100040652e+00
7.627584102076616357e-02
6.530819338617777525e+00
3.843134732820835953e-01
1.295596187056647919e+00
5.863201852789079460e-01
1.006412317251541122e+00
2.737117190690076196e+00
5.780032549394418240e-01
7.784603135507495164e-02
8.643085486087529468e-01
3.942389803031547046e+01
1.255139299952432808e+01
2.413420553484647846e-01
1.967523485834268282e+00
5.214955014308015890e-01
6.722743977133559534e-01
6.094537337531947152e+00
1.344088701369893890e+00
9.109473952932203300e-01
3.834850470595465577e-01
5.782849848469886478e-01
4.323863311183627545e+00
3.363207689499531750e+00
2.404954859201534345e-01
1.863240447056634252e+01
2.879976333762002572e+00
8.412994835703551644e+01
4.945881235887509497e+00
5.306152443174069200e-01
6.242547978766833650e-01
2.895172629880271575e-01
3.835461153898923059e-01
7.538165509685496035e-02
1.204969501237217688e+00
6.236328145797833677e-01
1.923362255779989871e+00
5.165389324826404049e+01
1.442831741912283139e+00
2.256174801619179604e+00
6.813981216823191289e+01
1.633749892002291704e+00
5.761585372317021836e-01
4.807750790752616243e-01
3.356641291446849085e-01
5.379487050408871873e+00
1.730473651019478032e+00
3.408373710942529389e+00
1.682785320166884091e+00
7.557065261706702453e-02
2.160881992650061978e+00
3.506003916090663530e+00
1.583563297054466634e+00
7.659030209429437264e+01
2.210626364178057024e+00
1.102387845542665668e+00
6.002449979583505346e+00
6.711929492907474648e-01
4.437011024908125734e+01
2.450015419997993327e+00
2.435252301793831009e+00
7.683135973866883628e-01
1.308110809761656168e-01
7.653997180517217724e-02
3.025815228831199466e+00
3.319375265131602748e-01
2.256202798365720685e+00
8.422637811351572168e+01
1.872540476418789623e+00
2.876764478500427047e-01
2.431780854705266337e-01
2.928642998650738960e+00
8.696016331594161386e+01
5.953669192842084179e+00
2.496238042577304306e+00
9.141404537961188570e-01
7.638092072197469329e-02
7.715790048561415482e+00
5.858391180073500237e+00
4.785577040350635913e-01
1.104450796243365396e+00
2.400979991833392113e-01
4.514572685254381490e+00
1.704905726790065756e+01
2.451239344330327974e+00
8.643527970600244359e-01
7.691431343226759476e-02
4.180383445288061717e-01
8.476995626036477882e-02
1.970095462005438058e+00
2.690889509091135334e+00
2.855334751759728285e-01
4.998840342997142017e+01
7.768147799744110071e-02
3.774485346587771772e+01
9.747978766843607978e-01
6.882417418965815215e-02
5.425095195487159572e+00
8.665155251745217946e-01
4.179473242689546453e+00
7.627584102076616357e-02
6.866802776643526229e+00
7.203239145796924703e-01
5.089687025879966242e+00
2.352960391996732348e+00
1.395121396668915548e+00
2.988419763168638443e+00
3.316631138472548868e-01
4.274236125416624787e+00
1.010510922453531801e+00
8.257986499068618258e+00
7.675138634475461297e-01
5.330175783427403502e+00
3.746749071533102438e+00
6.710747412752716690e-01
7.672957199257907090e-01
2.766022271601141824e+01
2.111895054140321193e+00
2.972547580216509999e+01
7.196222459162218144e-01
1.152467404377065208e+01
2.304529977331638335e+00
7.496755983553157754e-02
2.353706762547834064e+00
1.828065982405585599e+00
6.264945505369451384e-01
1.775198377765376812e+00
9.137724600147066889e-01
8.792440836331533660e+01
7.880765746442738862e-02
4.783301828136300449e-01
5.278060052010896674e-01
5.282155982033491792e-01
6.069732481666081014e+01
9.597334066586008516e-01
1.825989029120510088e+00
2.400979991833402938e+00
4.810356879089249804e-01
7.778402797029593252e-02
7.118946528629821469e-01
5.250166624467783594e-01
6.842199972445354206e+01
2.113981978869720280e+00
1.191281260121855823e+01
8.596730994464632514e-02
2.893172554580887845e-01
8.177328611913763368e-01
3.505231228514703812e+00
6.771449026943262339e+00
9.474401398101360883e+01
2.487496017257549141e+01
2.544590956920878000e+00
8.650252881185970244e-01
5.743689794159945183e-01
2.881175990200081083e-01
3.026042656730518310e+00
6.439736346725901228e+01
6.381804818293181825e+01
7.609912941038783629e-02
7.683135973866883628e-01
1.906378113515718731e+00
1.948777272827119378e-01
8.545889303048626928e+00
2.689097590853398168e-01
7.222130240144963409e+01
3.555218444812862977e+00
2.194469524907248115e+01
2.784496796056197265e+00
2.064842792976724073e-01
2.530632911392405404e+01
8.441845651286239161e+01
7.249715519171748390e+00
7.622222987609529599e-02
2.209985090042306144e+00
8.883146147188016428e+00
1.002505185790118247e+02
3.503331462193266077e+00
1.778185671726898454e+00
2.300741119816548164e+00
1.105864672153795247e+00
1.458545573740302748e-01
5.282155982033472919e-01
6.732453875612827154e-01
3.360489375828474401e+00
6.230334312697813903e-01
1.440587995100042429e+00
1.550459668855237449e-01
2.160618367699329578e+00
1.007910277743973015e+00
7.768147799744110071e-02
2.256237768025288304e+00
4.035512604904138989e+00
4.660725810769010380e+00
5.043711238259986018e+00
3.073254389546751675e+00
2.390483362415870838e-01
2.434571927065862784e-01
2.432354346123987821e+00
5.839515703199140706e-01
9.123723968966933606e-01
3.073876372843653559e+00
4.657551324849709573e+00
7.865517152392881428e+01
1.393226985338133161e+00
1.632666394446712799e+00
2.871378591928350765e-01
6.734529415074339553e-01
7.848433089707759769e-02
1.506077998253695094e-01
9.606358047466928562e-01
5.331664415233126064e+00
4.110426358118529322e+01
2.548657093791765860e+00
6.338201124634455397e+00
2.879832486932493385e+00
5.282155982033455155e-01
1.728705594120048872e+00
7.648036145614606207e-02
2.352170095956971796e+00
1.028477220137283404e-01
3.265332788893423821e+00
7.591498373025933055e-02
4.513842384646792105e+00
8.643527970600262123e-01
7.793121525253991766e-02
1.824134110489932903e+00
5.292314265312725308e-01
5.752658120095930361e-01
1.584722501807664274e+00
5.763140706536545643e+00
7.574786218309235986e-02
3.505430788076792092e-01
4.079986607032295431e+00
8.366454879542669687e+01
3.122291746924733324e+00
1.442418154758041027e+00
7.058072764281906331e+00
1.535577531831622711e+00
6.258542657549678312e-01
1.632666394446712799e+00
1.202524568878130529e+00
2.386375214131585265e-01
3.333378709206353818e-01
3.833934580544282600e-01
2.065181993852151177e+00
7.428856069998570888e+01
8.003385184404941677e-02
4.129685585953466465e-01
4.796067264696411980e-01
7.755511926824693036e-02
5.907654836075288074e+00
1.487205467702697126e+00
1.920783993466720796e+00
3.841567986933460133e-01
1.968748697895940536e+00
2.405781951817068531e+01
7.714350457023901875e-01
7.904945351776586360e-02
3.361371988566761448e+00
4.801959983666820309e-01
7.496755983553157754e-02
7.638274170526604223e+01
1.709572772129235929e+01
7.139072785402077459e-01
7.054682728278967030e-01
7.844748673469439937e-02
